0 0.983369 0.791341 0.675944 0.488778
1 0.900435 0.854045 0.712144 0.606951
2 0.877444 0.865713 0.710770 0.622660
3 0.929255 0.833364 0.832447 0.646251
4 0.891524 0.860590 0.723739 0.606374
5 0.893967 0.860338 0.874054 0.695376
6 0.890058 0.861400 0.747548 0.643898
7 0.855157 0.892718 0.814762 0.708380
8 0.849637 0.893928 0.847546 0.713595
9 0.890659 0.868434 0.784148 0.637413
10 0.845876 0.897426 0.820774 0.721550
11 0.849187 0.893149 0.846539 0.717082
12 0.842614 0.897900 0.827765 0.724530
13 0.845782 0.895640 0.770812 0.699788
14 0.839346 0.898961 0.819405 0.723912
15 0.838455 0.901200 0.774425 0.710961
16 0.836154 0.901323 0.852001 0.729781
17 0.836984 0.902852 0.806350 0.725564
18 0.827874 0.908185 0.839054 0.745352
19 0.835083 0.905680 0.798882 0.728365
20 0.871896 0.874020 0.705906 0.642834
21 0.825756 0.913422 0.824876 0.752254
22 0.821963 0.914586 0.847013 0.757782
23 0.825870 0.911164 0.834555 0.751493
24 0.839736 0.899038 0.821620 0.723010
25 0.820887 0.914824 0.833306 0.757833
26 0.866991 0.880196 0.868275 0.729120
27 0.846051 0.896693 0.796683 0.718527
28 0.835391 0.904715 0.900041 0.758301
29 0.827220 0.910063 0.868915 0.761310
30 0.823021 0.913651 0.826079 0.753201
31 0.827745 0.907180 0.878510 0.754986
32 0.825732 0.911752 0.825807 0.750046
33 0.824748 0.912530 0.884720 0.764915
34 0.879602 0.875654 0.711325 0.661575
35 0.815093 0.918904 0.868762 0.772392
36 0.843634 0.896409 0.899447 0.744948
37 0.964226 0.798850 0.878894 0.663437
38 0.819247 0.916056 0.903861 0.775565
39 0.869022 0.875256 0.920272 0.723687
40 0.831381 0.907365 0.784747 0.730651
41 0.875549 0.878816 0.770540 0.685620
42 0.835532 0.910380 0.886361 0.756337
43 0.817477 0.917158 0.872288 0.769101
44 0.862229 0.883777 0.795435 0.696931
45 0.811516 0.922296 0.874324 0.781919
46 0.829080 0.907758 0.789339 0.722937
47 0.813077 0.921890 0.870438 0.781231
48 0.817405 0.918449 0.843846 0.762677
49 0.811932 0.921611 0.902117 0.786695
50 0.825917 0.911159 0.888621 0.773255
51 0.832291 0.905625 0.785781 0.729769
52 0.826645 0.911022 0.900939 0.770551
53 0.809914 0.922779 0.890748 0.786070
54 0.808759 0.924160 0.873047 0.784996
55 0.813312 0.920829 0.899016 0.789486
56 0.807851 0.925933 0.873442 0.788251
57 0.815185 0.920036 0.858786 0.777500
58 1.015827 0.786051 0.414039 0.364970
59 0.834732 0.908707 0.814647 0.747402
60 0.825663 0.912065 0.832429 0.750861
61 0.815977 0.920275 0.845564 0.771786
62 0.816509 0.918769 0.857973 0.773547
63 0.813553 0.921411 0.884239 0.780806
64 0.835435 0.904820 0.838580 0.736966
65 0.821785 0.916403 0.892580 0.764547
66 0.815710 0.919300 0.883087 0.778387
67 0.810738 0.923082 0.901663 0.789527
68 0.819885 0.916656 0.831114 0.764389
69 0.832398 0.910777 0.807142 0.747412
70 1.028093 0.745071 0.639338 0.495111
71 0.807318 0.926005 0.875639 0.792409
72 0.834581 0.904186 0.745573 0.699749
73 0.825669 0.913087 0.819467 0.754382
74 0.819398 0.915128 0.913544 0.779597
75 0.826080 0.912188 0.900159 0.767362
76 0.852070 0.889933 0.776164 0.687778
77 0.851079 0.897634 0.820251 0.730445
78 0.835560 0.904642 0.783223 0.728699
79 0.805007 0.927869 0.879353 0.796227
80 0.819831 0.915770 0.817674 0.754133
81 0.811803 0.923335 0.859072 0.780399
82 0.829580 0.911234 0.801843 0.733196
83 0.841126 0.902758 0.776025 0.726391
84 0.807750 0.925766 0.890138 0.792083
85 0.805725 0.927389 0.850897 0.787675
86 0.807294 0.926147 0.878312 0.791137
87 0.808980 0.924229 0.880039 0.787101
88 0.803592 0.929354 0.899274 0.803558
89 0.816428 0.918162 0.877845 0.771144
90 0.806318 0.926170 0.908715 0.797205
91 0.818596 0.916490 0.798741 0.750213
92 0.813102 0.921769 0.902656 0.795243
93 0.808872 0.926036 0.832544 0.776159
94 0.806620 0.926534 0.877693 0.792690
95 0.808859 0.925949 0.861782 0.789552
96 0.801429 0.931008 0.892566 0.805689
97 0.814453 0.919447 0.904375 0.777496
98 0.804558 0.928301 0.852488 0.789968
99 0.809737 0.925536 0.912177 0.796531
100 0.807948 0.925333 0.916694 0.799910
101 0.830752 0.908888 0.789318 0.733537
102 0.812089 0.921110 0.913196 0.790395
103 0.806094 0.928651 0.875633 0.795771
104 0.808195 0.925537 0.880309 0.793931
105 0.807633 0.926518 0.843219 0.783648
106 0.806447 0.926681 0.903287 0.793716
107 0.806480 0.926517 0.921945 0.799134
108 0.817385 0.918529 0.798771 0.754343
109 0.830967 0.911962 0.810604 0.753688
110 0.808832 0.926098 0.919035 0.796782
111 0.807402 0.925657 0.877226 0.789103
112 0.804355 0.927980 0.857620 0.789000
113 0.802965 0.930572 0.858642 0.796715
114 0.803361 0.929694 0.875703 0.800115
115 0.815675 0.920416 0.840707 0.777290
116 0.799055 0.933152 0.879356 0.807571
117 0.823826 0.913927 0.807349 0.754631
118 0.806142 0.927367 0.898894 0.802128
119 0.809697 0.925178 0.876923 0.790568
120 0.806162 0.927885 0.899615 0.805446
121 0.803682 0.928840 0.900220 0.799130
122 0.802406 0.929760 0.876866 0.797649
123 0.809771 0.925466 0.849652 0.788165
124 0.814611 0.920177 0.906089 0.793272
125 0.823159 0.914147 0.841549 0.761009
126 0.798248 0.933924 0.893713 0.810402
127 0.797136 0.934530 0.894832 0.812362
128 0.798584 0.933457 0.898623 0.810540
129 0.818623 0.917471 0.837725 0.768099
130 0.800968 0.931274 0.909978 0.809143
131 0.806097 0.927684 0.853788 0.788371
132 0.798815 0.933618 0.879695 0.807151
133 0.796841 0.934664 0.891764 0.812001
134 0.795611 0.935914 0.900994 0.817067
135 0.804346 0.928599 0.912579 0.803633
136 0.835641 0.905151 0.911674 0.776130
137 0.798064 0.934271 0.895305 0.813198
138 0.797273 0.934885 0.873871 0.810563
139 0.798421 0.933855 0.895775 0.811429
140 0.798260 0.934348 0.888795 0.812097
141 0.796734 0.934277 0.902237 0.813806
142 0.797006 0.934781 0.889097 0.812520
143 0.802073 0.930511 0.886635 0.804496
144 0.795516 0.936373 0.883639 0.815274
145 0.795980 0.936086 0.886021 0.816561
146 0.799153 0.933497 0.893438 0.812344
147 0.797673 0.934423 0.897158 0.811275
148 0.797098 0.934985 0.896167 0.812724
149 0.794152 0.937606 0.902184 0.820521
150 0.795531 0.935894 0.904042 0.818831
151 0.797238 0.935079 0.891300 0.816269
152 0.806469 0.927711 0.915290 0.807099
153 0.795376 0.936754 0.895862 0.817220
154 0.796415 0.936201 0.911331 0.820027
155 0.794806 0.937041 0.905287 0.820840
156 0.795461 0.936734 0.899864 0.820014
157 0.795361 0.936491 0.894280 0.819507
158 0.795246 0.936657 0.894404 0.818003
159 0.793810 0.937442 0.900818 0.821052
160 0.795557 0.936605 0.901419 0.819493
161 0.795636 0.936325 0.881399 0.814342
162 0.794794 0.937571 0.879608 0.817032
163 0.792976 0.937875 0.894400 0.819534
164 0.791134 0.939863 0.905213 0.826466
165 0.794870 0.937151 0.907019 0.821186
166 0.793063 0.938708 0.893680 0.822200
167 0.793939 0.938040 0.909775 0.824882
168 0.793229 0.938148 0.900971 0.822405
169 0.795775 0.935898 0.901678 0.816396
170 0.792977 0.938388 0.897897 0.822540
171 0.793045 0.938389 0.895079 0.821575
172 0.792103 0.939607 0.902258 0.825429
173 0.793219 0.938205 0.901941 0.821724
174 0.792937 0.938951 0.886120 0.820555
175 0.791980 0.939550 0.906353 0.825329
176 0.792391 0.939209 0.897967 0.823002
177 0.792322 0.938796 0.898133 0.821582
178 0.792708 0.938793 0.911036 0.825356
179 0.791894 0.939568 0.893782 0.823281
180 0.792636 0.938942 0.901185 0.823424
181 0.791982 0.939260 0.895112 0.823976
182 0.792797 0.938735 0.895879 0.822310
183 0.790819 0.940843 0.899980 0.827511
184 0.791584 0.939699 0.900066 0.825857
185 0.792841 0.938754 0.908840 0.824651
186 0.791760 0.939559 0.901460 0.824274
187 0.791355 0.940233 0.905686 0.828212
188 0.792436 0.939016 0.905646 0.824690
189 0.792050 0.939404 0.898523 0.824074
190 0.791817 0.939918 0.897734 0.823720
191 0.791699 0.939656 0.904103 0.825615
192 0.792615 0.939281 0.899882 0.824183
193 0.792070 0.939355 0.900301 0.824118
194 0.791992 0.939432 0.901096 0.825557
195 0.792112 0.939121 0.906532 0.824471
196 0.791739 0.940073 0.898208 0.826634
197 0.791179 0.940163 0.900201 0.826568
198 0.792298 0.939287 0.904228 0.824443
199 0.791291 0.939997 0.901738 0.825520
